Skin Pack Block
99994632
99994612
99994611
99994610
99994609
99994608
99994607
99994602
99994601
99994591
99994590
99994588
99994587
99994586
99994585
99994584
99994583
99994582
99994581
99994573
99994405
99994404
99994403
99994402
99994401
99994363
99994382
99994381
99994380
99994379
99994378
99994377
99994376
99994367
99994366
99994362
99994361
99994360
99994359
99994358
99994357
99994356
99994355
99994354
99994353
99994352
99994351
99994350
99994346
99994345
99994344
99994343
99994342
99994341
99994340
99994339
99994338
99994337
99994336
99994335
99994334
99994333
99994332
99994331
99994330
99994329
99994328
99994327
99994168
99994129
99994128
99994127
99994126
99994125
99994124
99994123
99994121
99994120
99994119
99994118
99994117
99994116
99994115
99994113
99994102
99994071
99994069
99994068
99993994
99993991
99993989
99993965
99993887
99993856
99993855
99993853
99993851
99993850
99993843
99993842
99993841
99993840
99993839
99993838
99993826
99993825
99993824
99993823
99993822
99993821
99993820
99993819
99993818
99993817
99993816
99993815
99993814
99993813
99993812
99993811
99993797
99993795
99993794
99993792
99993782
99993781
99993772
99993771
99993769
99993767
99993765
99993764
99993762
99991374
99991372
99991371
99991370
99991363
99991362
99991360
99991359
99991357
99991356
99991354
99991352
99991351
99991349
99991344
99991343
99991342
99991341
99991340
99991339
99991338
99991337
99991332
99991331
99991330
99991329
99991328
99991327
99991309
99991307
99991306
99991303
99991277
99991275
99991274
99991273
99991272
99991271
99991270
99991269
99991268
99991264
99991262
99991261
99991260
99991259
99991257
99991256
99991255
99991251
99991250
99991247
99991246
99991245
99991233
99991232
99991228
99991227
99991226
99991224
99991223
99991219
99991218
99991213
99991212
99991211
99991210
99991209
99991206
99991113
99991103
99991102
99991100
99991094
99991093
99991092
99991091
99991080
99991079
99991055
99991045
99991043
99991040
99991030
99991029
99991026
99991025
99991024
99991023
99991022
99991012
99991011
99990998
99990997
99990996
99990995
99990994
99990993
99990992
99990972
99990962
99990961
99990959
99990957
99990956
99990954
99990953
99990952
99990951
99990944
99990943
99990942
99990940
99990939
99990938
99990937
99990936
99990935
99990934
99990933
99990932
99990931
99990930
99990929
99990928
99990927
99990926
99990925
99990924
99990923
99990922
99990921
99990920
99990919
99990918
99990917
99990916
99990914
99990913
99990912
99990911
99990910
99990909
99990908
99990907
99990897
99990896
99990895
99990894
99990893
99990892
99990891
99990886
99990885
99990874
99990873
99990866
99990865
99990864
99990863
99990862
99990860
99990859
99990858
99990856
99990855
99990854
99990853
99990848
99990809
99990806
99990805
99990802
99990794
99990067
99990053
99990052
99990051
99990050
99990049
99990047
99990046
99990044
99990043
99990042
99990041
99990039
99990038
99990037
99990022
99990017
99990002
99989990
99989988
99989986
99989983
99989980
99989979
99989973
99989972
99989971
99989950
99989937
99989935
99989934
99989932
99989931
99989930
99988787
99988786
99988785
99988784
99988783
99988781
99988780
99988779
99988778
99988777
99988776
99988775
99988774
99988773
99988670
99988669
99988668
99988667
99988666
99988648
99988646
99988645
99988644
99988643
99988640
99988639
99988637
99988636
99988635
99988634
99988633
99988632
99988628
99988615
99988614
99988612
99988611
99988610
99988609
99988608
99988530
99988529
99988528
99988527
99988526
99988525
99988524
99988523
99988522
99988521
99988520
99988519
99988518
99988517
99988516
99988515
99988514
99988513
99988512
99988511
99988510
99988509
99988508
99988507
99988506
99988505
99988504
99988503
99988502
99988500
99988499
99988498
99988497
99988492
99988491
99988490
99988489
99988475
99988473
99988471
99988469
99988466
99988465
99988464
99988462
99988461
99988460
99988456
99988455
99988454
99988452
99988451
99988449
99988448
99988446
99988445
99988443
99988442
99988433
99988431
99988430
99988428
99988418
99988414
99988412
99988411
99988409
99985029
99984958
99984957
99984956
99984955
99984954
99984953
99984952
99984951
99984950
99984948
99984947
99984946
99984945
99984944
99984943
99984929
99984920
99984917
99984916
99984914
99984912
99984911
99984909
99984908
99984907
99984906
99984905
99984904
99984903
99984902
99984901
99984888
99984886
99984884
99984881
99984879
99984877
99984875
99984855
99984852
99984845
99984844
99984843
99984840
99984838
99984837
99984836
99984835
99984832
99984831
99984829
99984828
99984827
99984826
99984825
99984824
99984822
99984821
99984820
99984819
99984818
99984817
99984816
99984811
99984802
99984800
99984796
99984795
99984794
99984793
99984792
99984791
99984785
99984784
99984776
99984774
99984773
99984772
99984770
99984769
99984765
99984758
99984757
99984756
99984755
99984754
99984753
99984754
99984751
99984750
99984749
99984748
99984747
99984746
99984745
99984744
99984743
99984742
99984741
99984740
99984739
99984738
99984737
99984736
99984735
99984734
99984733
99984732
99984731
99984730
99984729
99984728
99984727
99984726
99984725
99984723
99984722
99984721
99984720
99984719
99984718
99984717
99984716
99984715
99984714
99984713
99984712
99984711
99984710
99984709
99984708
99984707
99984706
99984705
99984704
99984703
99984702
99984701
99984700
99984699
99984698
99984697
99980779
99980757
99980756
99980755
99980754
99980753
99980752
99980751
99980750
99980749
99980748
99980746
99980745
99980744
99980743
99980742
99980664
99980662
99980661
99980660
99980659
99980658
99980584
99980583
99980582
99980581
99980580
99980579
99980578
99980577
99980576
99980575
99980574
99980573
99980572
99980571
99980570
99980569
99980449
99980444
99980443
99980442
99980440
99980439
99980438
99980437
99980435
99980434
99980433
99980431
99980429
99980427
99980426
99980425
99980323
99980322
99980321
99980319
99980318
99980317
99980316
99980315
99980314
99980313
99980312
99979969
99979968
99979967
99979966
99979965
99979964
99979963
99979962
99979961
99979960
99979959
99979954
99979951
99979950
99979949
99979946
99979945
99979944
99979941
99979940
99979935
99979934
99979933
99979932
99979931
99979930
99979929
99979928
99979927
99979926
99979925
99979924
99979923
99979922
99979921
99979920
99979919
99979918
99979917
99979916
99979915
99979914
99979913
99979912
99979911
99979909
99979908
99979907
99979905
99979904
99979902
99979901
99979898
99979897
99979890
99979888
99979887
99979885
99979884
99979882
99979881
99979197
99979183
99979181
99979175
99979174
99979167
99979166
99979165
99979164
99979163
99979162
99979161
99979160
99979159
99979158
99979157
99979156
99979155
99979154
99979153
99978859
99978858
99978857
99978856
99978855
99978854
99978853
99978852
99978851
99978850
99978849
99978848
99978847
99978846
99978845
99978844
99978843
99978842
99978841
99978840
99978839
99978837
99978817
99978816
99978815
99978814
99978812
99978809
99978808
99978807
99978806
99978803
99978802
99978801
99978800
99978798
99978796
99977770
99977769
99977763
99977762
99977761
99977744
99977743
99977742
99977741
99977739
99977738
99977737
99977736
99977735
99977734
99977733
99977728
99977727
99977726
99977725
99977724
99977723
99977722
99977721
99977720
99977719
99977718
99977717
99977716
99977715
99977714
99977713
99977712
99977711
99977710
99977709
99977708
99977707
99977706

Brendans Models Skin Pack V5
99907671
99907666
99907664
99907620
99907619
99907617
99907616
99906665
99906647
99906614
99906612
99906033
99906028
99906013
99905857
99905856
99905187
99905185
99904974
99904949
99904944
99902888
99902882
99902877
99902876
99902762
99902750
99902742
99902054
99901503
99901483
99901482
99901148
99900790
99900744
99900740
99900514
99900513
99898384
99889845
99886202
99884461
99884434
41803075
99880627
99879766
99877158
99876705
88976697
99873766
99990977
99997682
99992682
99992382
99942382
99944382
99941382
90941382
90931382
92931382
92931322
99691011
99913399
99914485
99914642
99914531
99914500
99996022
99995887
99995846
99995821
99995751
99863926
99868124
99843421
99842725
99841458
99841457
99541456
99980398
99980397
99980396
99958738
89838281
98983582
54298383
52398384
52398385
43958388
82538383
90538384
99915825
02983382
13762127
47398382
39838412
92499343
92499347
95236947
89299496
92396947
74983826
73238398
49838397
99885548
70898382
83658383
14658384
31898382
45028386
23101505
53101506
43101507
31501508
12501509
27501510
27501511
73501512
33501513
13501514
34501515
34501516
94231517
47231518
30531512
26531513
69531514
46531516
36531217
33931218
13531219
63497629
49732631
23287639
87623954
85364858
94604262
39795858
79524566
99213256
47797524
42745524
42093614
20936715
44563732
97171927
17142356
71714928
71437867
26346386
63463864
99645283
99642611
99641803
99637958
70582332
99637950
99700230
59408383
26732382
34456372
82673256
58233633
99717196
99611403
99611401
99611400

Commu Skin Pack - jeremy2206 V1.1
99646623
99646620
99644779
99646618
99646611
99644781
99644778
99644775
99646612
99646610
99646606
99646605
99644772
99646603
99644771
99646604
99644780
99644782
99644770

Creeper Skin Pack
99960369
99960368
99960303
99960286
99960278
99960274
99960267
99960260
99960016
99960010
99959596
99959573
99959471
99959467
99959463
99958700
99958693
99958631
99958592
99957993
99950434

Enderman Skin Pack
00004146
00002422
00002423
00002424
00002425
00002426
00002427
00002428
00002429
00002430
00002431
00002432
00002433

GameAllStar Skin Pack
99999614
99999613
00004539
99999568
99999718
99999724
20002900
20000010
20000011
20000012
20000118
20000119
20000228
20000136
00001529
99999705
00000304
00000305
00000013
00002218
00000020
00000916
99999572
00004538
00000138
00000021
00000004
00000005
00000118
00000218
00000219
00000220
00000224
00000222
00000223
00000230
99999704
00000913
00000928
00000929
00000934
99999713
99999712
99999711
99999725
99999733
00000311
00000317
00000320
99999569
99999570
99999571
99999573
20000114
00000112
00000113
00000114
00000129
00000143
00000144
00000314
00000212
00002429
99999658
99999709
99999708
99999710
99999717
99999714
99999719
99999723
99999727
99999726
00004547
99999740
99999702
99999663
99999664
99999659
99999736
99999527
99999716
99999739
00004102
99999738
99999737
99999735
99999612
00004109
00004110
99999615
99999618
99999619
99999620
99999728
99999731
99999732
99999729
99999730
99999703
00000321
00000322
99999720
99999574
99999722
99999721
99999706

Hacker Skin Pack
99999849
99999850
99999851
99999852
99999853
99999854
99999855
99999856
99999857
99999858
99999859

HD Portrait Skin Pack
99857762
99857761
99857760
99857757
99857756
99857753
99856598

Jurassic World Skin Pack
70707070
70707071
70707072
70707073
70707074
70707075
70707076
70707077
70707078
70707079
70707080
70707081
70707082
70707083
70707084

Mega Pack
99999354
99999353
99999352
99999351
99999350
99999349
99999355
99999348
99999347
99999346
99999274
99999345
99999275
99999344
99999343
99999342
99999341
99999340
99999282
99999281
99999280
99999279
99999278
99999277
99999276

Noob Skin Pack
99862832
99862831
99862829
99862828
99862827
99862826
99862825
99862824
99862823
99862820
99862819

Portrait Skin Pack
99982921
99982905
99982902
99982901
99982900
99982899
99982898
99982897
99982896
99982894
99982892
99982891
99982885
99982880
99982876
99982864
99982870

PvP Skin Pack - jeremy2206
12345677
23456781
34567821
45678222
56782231
67822323
78223242
82232439
22324402
23244037
32440384
24403852
44038537
40385383
38538477
85384785

RequestPCK
99999004
99999002
99999001
99999000
99998999
99998998
99998997
99998996
99998995
99998994
99998993
99998992
99998991
99998990
99998989
99998988
99998987
99998985
99998983
99998982
99998981
99998980
99998979
99998978
99998977
99998976
99998975
99998974
99998973
99998972
99998971
99998970
99998969
99862657

SRG64 MegaSkinPack V5
64246801
64246802
64246803
64246804
64246805
64246806
64246807
64246808
64246809
64246810
64246811
64246812
64246813
64246814
64246816
64246817
64246818
64246819
64246820
64246821
64246822
64246824
64246825
64246826
64246827
64246828
64246908
64246829
64246830
64246815
64246831
64246832
64246833
64246834
64246835
64246836
64246837
64246838
64246839
64246840
64246841
64246842
64246843
64246844
64246845
64246846
64246847
64246848
64246849
64246850
64246851
64246852
64246853
64246854
64246855
64246856
64246857
64246858
64246859
64246860
64246861
64246862
64246863
64246864
64246865
64246866
64246867
64246868
64246869
64246870
64246871
64246917
64246823
64246916
64246872
64246877
64246878
64246879
64246873
64246874
64246875
64246876
00004108
64246880
64246881
64246882
64246883
64246884
64246885
00004143
64246886
64246887
64246888
00004125
64246889
64246890
64246891
64246892
64246893
64246894
64246895
00004129
64246896
64246897
64246898
00004130
64246899
64246900
64246901
64246902
64246903
64246904
64246905
64246906
64246907
64246909
64246910
64246911
64246912
64246913
64246918
64246914
64246915
64246919
64246920
64246921
64246923
64246927
64246925
64246929
64246926
64246922
64246924
64246928
64246930
64246931
64246932
64246947
64246933
64246934
64246935
64246936
64246937
64246938
64246939
64247008
64246940
64247009
64246941
64246942
64246943
64246944
64246945
64246946
64246949
64246948
64246950
64246951
64246952
64246953
64246954
64246955
64246957
64246958
64246956
64246966
64246967
64246968
64246959
64246960
64246961
64246962
64246963
64246964
64246969
64246978
64246979
64246971
64246972
64246977
64246976
64246981
64246980
64246985
30003000
64246983
64246984
64246991
64246982
64246974
64246975
64246986
64246987
00004132
64246988
64246989
64246990
64246992
64247028
64246993
64247001
64247037
64247002
64246994
64246995
64246996
64246997
64246998
64246999
64247000
64247005
64247018
64247006
64247014
64247004
64247019
64247020
64247021
64247003
64247022
64247023
64247024
64247007
64247025
64247026
64247027
64246970
64246973
64247012
64247013
64247015
64247016
64247030
64247029
64247031
64247032
64247033
64247034
64247042
64247039
64247040
64247041
64247047
64247051
64247048
64247046
64247043
64247045
64247044
64247049
64247050
64247054
64247055
64247056
64247057
64247052
64247053
64247058
64247059
64247060
64247061
64247078
64248001
51114752
51114753
51114751
51114750
51114755
64247073
64247074
64247070
64247071
64247075
64248000
64247077
64247072
64247076
64247080
64247081
64247082
64247083
64247084
64247085
64247086
64247087
64247088
64247089
64247090
64247091
64248130
64248135
64248136
64248137
64248138
64248139
64248140
64248141
64248142
64248143
64248145
64248146
64248147
64248148
64248149
64248153
64248151
64248150
64248160
64248152
64248154
64248155
20002907
134141007
134141008
134141009
134141005
134141001
134141010
134141002
134141006
134141003
02201018
02201017
02201006
02493000
02493100
02213000
02213001
02813000
02813001
02194000
02194001
00249502
64647810

Steven Universe Updated
99999388
99999387
99999386
99999385
99999384
99999382
99999381
99999380
99999379
99999378
99999377
99999376
99999375
99996225
99996224
99996223
99996222
99996221
99996220
99996219
99996218
99996217
99996216
99996215
99996214

Super Smash Bros Pack V2
99999739
00004102
00004104
00004105
00004124
00004107
99863706
00004112
99857152
99999737
99857154
99857155
99857151
99857150
99857149
99857148
00004109
00004110
99999620
99999659
99999733
00004547
99999615
99999731
99999732
99999618
99853179
99853177
99853175
99853174
99853173
99853170
99853169
99853167
99853166
99853163
99853162
99853161
99853159
99853158
99853157
99853150
99852351
99852348
99852350
99852349
99852343
99852342
99852339
99852347
99852345
99852344
99848714
99848707
99848699
99848652
99999728
99848649
99848643
99848618
99848609
99847779
99895964
99847778
99847777
99847766
99847764
99847762
99847755
99879700
99879574
99879573
99879570
99879569
99879568
00004111

The Final Skin Pack - jeremy2206
05145641
51456421
14564224
45642555
56425567
64255689
42556905
25569064
55690655
56906566
04125486
41254873
12548756
25487474
54874751
01452748
14527490
45274956
52749578
27495791
74957921
49579227
95792281

The Joy Of Creation Skin Pack
99858658
99858660
99858655
99858654
99858652
99858651
99858649

The World Skin Pack
05760001
05760003
05760004
05760005
05760006
05760007
05760008

Troll Skin Pack - jeremy2206
99643772
99643770
99643769
99643768
99643767
99643766
99643765
99643764
99643763
99643762
99643761
99643760
99643759
99643758
99643757
99643756
99643755
99643754
99643752

Custom Jerem Pack
41857412
98236515
41741239
89541614
41857706
41596148
64116518
85415796
45618760
58949770
74518694
78456941
56418569
64185769
74568418
45864884
48569416
64884550
85451634
23648546
36488549
87469548
74695459
46954608
69546095
95460965
84609668
96696699
66967005
69670062
96700635
67006365

WIIU DLC Skin Pack
00005400
00005401
00005402
00005403
00005404
00005405
00005406
00005407
00005408
00005409
00005410
00005411
00005412
00005413
54145216
41452175
14521765
45217665
52176664
21766654
17666555
76665565
00003000
00003001
00003002
00003003
00003004
00003005
00003006
00003007
00003008
00003009
00003010
00003011
00003012
00003013
00003014
00003015
00003016
00003017
00003018
30195151
19515264
95152654
51526553
15265549
52655508
26555093
65550947
55509484
55094857
50948586
94858734
48587352
85873536
58735375
87353761
73537620
35376214
53762150
37621512
76215134
62151351
32511321
15135228
51352297
13522985
35229864
52298652
22986539
00002000
00002001
00002002
00002003
00002004
00002005
00002006
00002007
00002008
00002009
00002010
00002011
00002012
00002013
00002014
00002015
00002016
00002017
00002018
00002019
00002020
00002021
00002022
00002024
00002025
00002026
00002027
00002028
00002029
00002030
00002031
00002032
00002033
00002034
00002035
00002036
00002037
00002038
00002039
00002041
00002042
00002043
00002044
00002046
00002047
00002048
00002049
00002050
00002051
00002052
00002053
00002054
00002055
00002056
00002057
00002058
00002059
00002500
00002501
00002502
00002503
00002504
00002505
00002506
00002507
00002508
00002509
00002510
00002511
00002512
00002513
00002514
00002515
00002516
00002517
00002518
00002519
00002520
00002521
00002523
00002524
00002525
00002526
00002527
00002528
00002531
00002532
00002534
00002535
00002536
00002537
00002538
00002539
00002540
00002541
00002543
00002544
00002545
00002546
00002547
00002548
00002549
00002550
00002551
00002552
00002553
00002554
00002555
00000600
00000601
00000602
00000603
00000604
00000605
00000606
00000607
00000608
00000609
00000610
00000611
00000612
00000613
00000614
00000615
00000616
00000617
00000618
00000619
00000620
00000621
00000622
00000623
48529632
48529631
15475869
15641536
15611564
15263585
